slug,url,final_url,status,classification,business_name,business_indicators,error_indicators,indicators_found,error_indicators_found,page_title,content_length,load_time,content_preview,error_details,tested_at
MQ==,https://booking.hydreight.com/b/MQ==,https://booking.hydreight.com/widget,ACTIVE,ACTIVE_BUSINESS,undefined,2,2,"['select', 'hydreight']","['error', ""the link you've opened isn't working as expected""]",undefined,31260,6.2350921630859375,"<html lang=""en"" style=""--default-icon-primary: #00b4e5;""><head><meta charset=""utf-8""><title>undefined</title><link rel=""preconnect"" href=""https://fonts.googleapis.com""><link rel=""preconnect"" href=""https://fonts.gstatic.com"" crossorigin=""""><link href=""https://fonts.googleapis.com/css2?family=inter:ital,opsz,wght@0,14..32,100..900;1,14..32,100..900&amp;display=swap"" rel=""stylesheet""><link href=""https://fonts.googleapis.com/icon?family=material+icons"" rel=""stylesheet""><link rel=""stylesheet"" href=""h",,2025-06-26T17:55:51.608973
OTk=,https://booking.hydreight.com/b/OTk=,https://booking.hydreight.com/widget-business/kr38j,ACTIVE,ACTIVE_BUSINESS,Bombshell Aesthetics,2,1,"['select', 'hydreight']",['error'],Bombshell Aesthetics,31135,4.934372186660767,"<html lang=""en"" style=""--default-icon-primary: #00b4e5;""><head><meta charset=""utf-8""><title>bombshell aesthetics</title><link rel=""preconnect"" href=""https://fonts.googleapis.com""><link rel=""preconnect"" href=""https://fonts.gstatic.com"" crossorigin=""""><link href=""https://fonts.googleapis.com/css2?family=inter:ital,opsz,wght@0,14..32,100..900;1,14..32,100..900&amp;display=swap"" rel=""stylesheet""><link href=""https://fonts.googleapis.com/icon?family=material+icons"" rel=""stylesheet""><link rel=""styleshe",,2025-06-26T17:55:56.649966
MTI5,https://booking.hydreight.com/b/MTI5,https://booking.hydreight.com/widget-business/kr38j,ACTIVE,ACTIVE_BUSINESS,Bombshell Aesthetics,2,1,"['select', 'hydreight']",['error'],Bombshell Aesthetics,31135,5.134971857070923,"<html lang=""en"" style=""--default-icon-primary: #00b4e5;""><head><meta charset=""utf-8""><title>bombshell aesthetics</title><link rel=""preconnect"" href=""https://fonts.googleapis.com""><link rel=""preconnect"" href=""https://fonts.gstatic.com"" crossorigin=""""><link href=""https://fonts.googleapis.com/css2?family=inter:ital,opsz,wght@0,14..32,100..900;1,14..32,100..900&amp;display=swap"" rel=""stylesheet""><link href=""https://fonts.googleapis.com/icon?family=material+icons"" rel=""stylesheet""><link rel=""styleshe",,2025-06-26T17:56:01.888116
MTMw,https://booking.hydreight.com/b/MTMw,https://booking.hydreight.com/widget-business/hi64p,ACTIVE,ACTIVE_BUSINESS,Hydrate SBC,9,2,"['service', 'therapy', 'available', 'select', 'iv therapy', 'hydreight', 'wellness', 'health', 'medical']","['401', 'error']",Hydrate SBC,45510,6.206478834152222,"<html lang=""en"" style=""--default-icon-primary: #00b4e5;""><head><meta charset=""utf-8""><title>hydrate sbc</title><link rel=""preconnect"" href=""https://fonts.googleapis.com""><link rel=""preconnect"" href=""https://fonts.gstatic.com"" crossorigin=""""><link href=""https://fonts.googleapis.com/css2?family=inter:ital,opsz,wght@0,14..32,100..900;1,14..32,100..900&amp;display=swap"" rel=""stylesheet""><link href=""https://fonts.googleapis.com/icon?family=material+icons"" rel=""stylesheet""><link rel=""stylesheet"" href=",,2025-06-26T17:56:08.200678
MTMy,https://booking.hydreight.com/b/MTMy,https://booking.hydreight.com/widget-business/pt73c,ERROR_PAGE,EMPTY_TITLE_INVALID_URL,,2,2,"['select', 'hydreight']","['error', ""the link you've opened isn't working as expected""]",,32033,6.131798028945923,"<html lang=""en"" style=""--default-icon-primary: #00b4e5;""><head><meta charset=""utf-8""><title></title><link rel=""preconnect"" href=""https://fonts.googleapis.com""><link rel=""preconnect"" href=""https://fonts.gstatic.com"" crossorigin=""""><link href=""https://fonts.googleapis.com/css2?family=inter:ital,opsz,wght@0,14..32,100..900;1,14..32,100..900&amp;display=swap"" rel=""stylesheet""><link href=""https://fonts.googleapis.com/icon?family=material+icons"" rel=""stylesheet""><link rel=""stylesheet"" href=""https://fo",,2025-06-26T17:56:14.438930
MTM3,https://booking.hydreight.com/b/MTM3,https://booking.hydreight.com/widget-business/pu55c,ACTIVE,ACTIVE_BUSINESS,ABOOST WELLNESS,8,2,"['service', 'select', 'hydreight', 'wellness', 'health', 'medical', 'clinic', 'care']","['401', 'error']",ABOOST WELLNESS,45563,5.584366083145142,"<html lang=""en"" style=""--default-icon-primary: #00b4e5;""><head><meta charset=""utf-8""><title>aboost wellness</title><link rel=""preconnect"" href=""https://fonts.googleapis.com""><link rel=""preconnect"" href=""https://fonts.gstatic.com"" crossorigin=""""><link href=""https://fonts.googleapis.com/css2?family=inter:ital,opsz,wght@0,14..32,100..900;1,14..32,100..900&amp;display=swap"" rel=""stylesheet""><link href=""https://fonts.googleapis.com/icon?family=material+icons"" rel=""stylesheet""><link rel=""stylesheet"" h",,2025-06-26T17:56:20.127140
MTQ5,https://booking.hydreight.com/b/MTQ5,https://booking.hydreight.com/widget-business/io32b,ACTIVE,ACTIVE_BUSINESS,Hydrate Scottsdale,5,1,"['book', 'appointment', 'service', 'select', 'hydreight']",['error'],Hydrate Scottsdale,36530,10.765843152999878,"<html lang=""en"" style=""--default-icon-primary: #00b4e5;""><head><meta charset=""utf-8""><title>hydrate scottsdale</title><link rel=""preconnect"" href=""https://fonts.googleapis.com""><link rel=""preconnect"" href=""https://fonts.gstatic.com"" crossorigin=""""><link href=""https://fonts.googleapis.com/css2?family=inter:ital,opsz,wght@0,14..32,100..900;1,14..32,100..900&amp;display=swap"" rel=""stylesheet""><link href=""https://fonts.googleapis.com/icon?family=material+icons"" rel=""stylesheet""><link rel=""stylesheet",,2025-06-26T17:56:30.996159
MTUw,https://booking.hydreight.com/b/MTUw,https://booking.hydreight.com/widget,ACTIVE,ACTIVE_BUSINESS,WEL Palm Beach,2,2,"['select', 'hydreight']","['error', ""the link you've opened isn't working as expected""]",WEL Palm Beach,31930,4.528571844100952,"<html lang=""en"" style=""--default-icon-primary: #00b4e5;""><head><meta charset=""utf-8""><title>wel palm beach</title><link rel=""preconnect"" href=""https://fonts.googleapis.com""><link rel=""preconnect"" href=""https://fonts.gstatic.com"" crossorigin=""""><link href=""https://fonts.googleapis.com/css2?family=inter:ital,opsz,wght@0,14..32,100..900;1,14..32,100..900&amp;display=swap"" rel=""stylesheet""><link href=""https://fonts.googleapis.com/icon?family=material+icons"" rel=""stylesheet""><link rel=""stylesheet"" hr",,2025-06-26T17:56:35.627332
MTcw,https://booking.hydreight.com/b/MTcw,https://booking.hydreight.com/widget-business/lp43d,ACTIVE,ACTIVE_BUSINESS,D&C Medical,6,1,"['book', 'appointment', 'service', 'select', 'hydreight', 'medical']",['error'],D&C Medical,36365,4.094759941101074,"<html lang=""en"" style=""--default-icon-primary: #00b4e5;""><head><meta charset=""utf-8""><title>d&amp;c medical</title><link rel=""preconnect"" href=""https://fonts.googleapis.com""><link rel=""preconnect"" href=""https://fonts.gstatic.com"" crossorigin=""""><link href=""https://fonts.googleapis.com/css2?family=inter:ital,opsz,wght@0,14..32,100..900;1,14..32,100..900&amp;display=swap"" rel=""stylesheet""><link href=""https://fonts.googleapis.com/icon?family=material+icons"" rel=""stylesheet""><link rel=""stylesheet"" h",,2025-06-26T17:56:39.825771
MTg0,https://booking.hydreight.com/b/MTg0,https://booking.hydreight.com/widget-business/lp43d,ACTIVE,ACTIVE_BUSINESS,D&C Medical,6,1,"['book', 'appointment', 'service', 'select', 'hydreight', 'medical']",['error'],D&C Medical,36365,6.572656869888306,"<html lang=""en"" style=""--default-icon-primary: #00b4e5;""><head><meta charset=""utf-8""><title>d&amp;c medical</title><link rel=""preconnect"" href=""https://fonts.googleapis.com""><link rel=""preconnect"" href=""https://fonts.gstatic.com"" crossorigin=""""><link href=""https://fonts.googleapis.com/css2?family=inter:ital,opsz,wght@0,14..32,100..900;1,14..32,100..900&amp;display=swap"" rel=""stylesheet""><link href=""https://fonts.googleapis.com/icon?family=material+icons"" rel=""stylesheet""><link rel=""stylesheet"" h",,2025-06-26T17:56:46.504392
MTg4,https://booking.hydreight.com/b/MTg4,https://booking.hydreight.com/widget-business/ea70s,ERROR_PAGE,EMPTY_TITLE_INVALID_URL,,2,2,"['select', 'hydreight']","['error', ""the link you've opened isn't working as expected""]",,32237,6.51950478553772,"<html lang=""en"" style=""--default-icon-primary: #00b4e5;""><head><meta charset=""utf-8""><title></title><link rel=""preconnect"" href=""https://fonts.googleapis.com""><link rel=""preconnect"" href=""https://fonts.gstatic.com"" crossorigin=""""><link href=""https://fonts.googleapis.com/css2?family=inter:ital,opsz,wght@0,14..32,100..900;1,14..32,100..900&amp;display=swap"" rel=""stylesheet""><link href=""https://fonts.googleapis.com/icon?family=material+icons"" rel=""stylesheet""><link rel=""stylesheet"" href=""https://fo",,2025-06-26T17:56:53.132233
MTk0,https://booking.hydreight.com/b/MTk0,https://booking.hydreight.com/widget-business/ea70s,ERROR_PAGE,EMPTY_TITLE_INVALID_URL,,2,2,"['select', 'hydreight']","['error', ""the link you've opened isn't working as expected""]",,32304,9.998126029968262,"<html lang=""en"" style=""--default-icon-primary: #00b4e5;""><head><meta charset=""utf-8""><title></title><link rel=""preconnect"" href=""https://fonts.googleapis.com""><link rel=""preconnect"" href=""https://fonts.gstatic.com"" crossorigin=""""><link href=""https://fonts.googleapis.com/css2?family=inter:ital,opsz,wght@0,14..32,100..900;1,14..32,100..900&amp;display=swap"" rel=""stylesheet""><link href=""https://fonts.googleapis.com/icon?family=material+icons"" rel=""stylesheet""><link rel=""stylesheet"" href=""https://fo",,2025-06-26T17:57:03.236050
MjM4,https://booking.hydreight.com/b/MjM4,https://booking.hydreight.com/widget-business/ea70s,ERROR_PAGE,EMPTY_TITLE_INVALID_URL,,2,2,"['select', 'hydreight']","['error', ""the link you've opened isn't working as expected""]",,32033,7.141577959060669,"<html lang=""en"" style=""--default-icon-primary: #00b4e5;""><head><meta charset=""utf-8""><title></title><link rel=""preconnect"" href=""https://fonts.googleapis.com""><link rel=""preconnect"" href=""https://fonts.gstatic.com"" crossorigin=""""><link href=""https://fonts.googleapis.com/css2?family=inter:ital,opsz,wght@0,14..32,100..900;1,14..32,100..900&amp;display=swap"" rel=""stylesheet""><link href=""https://fonts.googleapis.com/icon?family=material+icons"" rel=""stylesheet""><link rel=""stylesheet"" href=""https://fo",,2025-06-26T17:57:10.482821
MjM5,https://booking.hydreight.com/b/MjM5,https://booking.hydreight.com/widget-business/lw49r,ACTIVE,ACTIVE_BUSINESS,Hydrate & More,9,2,"['appointment', 'service', 'therapy', 'treatment', 'select', 'hydreight', 'wellness', 'medical', 'provider']","['401', 'error']",Hydrate & More,45427,6.576467990875244,"<html lang=""en"" style=""--default-icon-primary: #00b4e5;""><head><meta charset=""utf-8""><title>hydrate &amp; more</title><link rel=""preconnect"" href=""https://fonts.googleapis.com""><link rel=""preconnect"" href=""https://fonts.gstatic.com"" crossorigin=""""><link href=""https://fonts.googleapis.com/css2?family=inter:ital,opsz,wght@0,14..32,100..900;1,14..32,100..900&amp;display=swap"" rel=""stylesheet""><link href=""https://fonts.googleapis.com/icon?family=material+icons"" rel=""stylesheet""><link rel=""stylesheet",,2025-06-26T17:57:17.161821
MjQz,https://booking.hydreight.com/b/MjQz,https://booking.hydreight.com/widget-business/vg79p,ERROR_PAGE,EMPTY_TITLE_INVALID_URL,,2,2,"['select', 'hydreight']","['error', ""the link you've opened isn't working as expected""]",,32033,6.148792743682861,"<html lang=""en"" style=""--default-icon-primary: #00b4e5;""><head><meta charset=""utf-8""><title></title><link rel=""preconnect"" href=""https://fonts.googleapis.com""><link rel=""preconnect"" href=""https://fonts.gstatic.com"" crossorigin=""""><link href=""https://fonts.googleapis.com/css2?family=inter:ital,opsz,wght@0,14..32,100..900;1,14..32,100..900&amp;display=swap"" rel=""stylesheet""><link href=""https://fonts.googleapis.com/icon?family=material+icons"" rel=""stylesheet""><link rel=""stylesheet"" href=""https://fo",,2025-06-26T17:57:23.417024
MjQ0,https://booking.hydreight.com/b/MjQ0,https://booking.hydreight.com/widget,ACTIVE,ACTIVE_BUSINESS,Someday Wellness,3,2,"['select', 'hydreight', 'wellness']","['error', ""the link you've opened isn't working as expected""]",Someday Wellness,31934,8.052170038223267,"<html lang=""en"" style=""--default-icon-primary: #00b4e5;""><head><meta charset=""utf-8""><title>someday wellness</title><link rel=""preconnect"" href=""https://fonts.googleapis.com""><link rel=""preconnect"" href=""https://fonts.gstatic.com"" crossorigin=""""><link href=""https://fonts.googleapis.com/css2?family=inter:ital,opsz,wght@0,14..32,100..900;1,14..32,100..900&amp;display=swap"" rel=""stylesheet""><link href=""https://fonts.googleapis.com/icon?family=material+icons"" rel=""stylesheet""><link rel=""stylesheet"" ",,2025-06-26T17:57:31.575102
MjQ3,https://booking.hydreight.com/b/MjQ3,https://booking.hydreight.com/widget-business/ny50u,ERROR_PAGE,EMPTY_TITLE_INVALID_URL,,2,2,"['select', 'hydreight']","['error', ""the link you've opened isn't working as expected""]",,32033,7.880928039550781,"<html lang=""en"" style=""--default-icon-primary: #00b4e5;""><head><meta charset=""utf-8""><title></title><link rel=""preconnect"" href=""https://fonts.googleapis.com""><link rel=""preconnect"" href=""https://fonts.gstatic.com"" crossorigin=""""><link href=""https://fonts.googleapis.com/css2?family=inter:ital,opsz,wght@0,14..32,100..900;1,14..32,100..900&amp;display=swap"" rel=""stylesheet""><link href=""https://fonts.googleapis.com/icon?family=material+icons"" rel=""stylesheet""><link rel=""stylesheet"" href=""https://fo",,2025-06-26T17:57:39.557809
MjUw,https://booking.hydreight.com/b/MjUw,https://booking.hydreight.com/widget-business/ny50u,ERROR_PAGE,EMPTY_TITLE_INVALID_URL,,2,2,"['select', 'hydreight']","['error', ""the link you've opened isn't working as expected""]",,32033,5.559571981430054,"<html lang=""en"" style=""--default-icon-primary: #00b4e5;""><head><meta charset=""utf-8""><title></title><link rel=""preconnect"" href=""https://fonts.googleapis.com""><link rel=""preconnect"" href=""https://fonts.gstatic.com"" crossorigin=""""><link href=""https://fonts.googleapis.com/css2?family=inter:ital,opsz,wght@0,14..32,100..900;1,14..32,100..900&amp;display=swap"" rel=""stylesheet""><link href=""https://fonts.googleapis.com/icon?family=material+icons"" rel=""stylesheet""><link rel=""stylesheet"" href=""https://fo",,2025-06-26T17:57:45.224090
MjYy,https://booking.hydreight.com/b/MjYy,https://booking.hydreight.com/widget-business/jx13u,ACTIVE,ACTIVE_BUSINESS,Body Contour Aesthetics & Wellness,7,2,"['book', 'appointment', 'service', 'select', 'hydreight', 'wellness', 'medical']","['401', 'error']",Body Contour Aesthetics & Wellness,45410,12.061800003051758,"<html lang=""en"" style=""--default-icon-primary: #00b4e5;""><head><meta charset=""utf-8""><title>body contour aesthetics &amp; wellness</title><link rel=""preconnect"" href=""https://fonts.googleapis.com""><link rel=""preconnect"" href=""https://fonts.gstatic.com"" crossorigin=""""><link href=""https://fonts.googleapis.com/css2?family=inter:ital,opsz,wght@0,14..32,100..900;1,14..32,100..900&amp;display=swap"" rel=""stylesheet""><link href=""https://fonts.googleapis.com/icon?family=material+icons"" rel=""stylesheet""><",,2025-06-26T17:57:57.389190
MjYz,https://booking.hydreight.com/b/MjYz,https://booking.hydreight.com/widget,ACTIVE,ACTIVE_BUSINESS,IV Hydrate Concierge,2,2,"['select', 'hydreight']","['error', ""the link you've opened isn't working as expected""]",IV Hydrate Concierge,31942,9.840363025665283,"<html lang=""en"" style=""--default-icon-primary: #00b4e5;""><head><meta charset=""utf-8""><title>iv hydrate concierge</title><link rel=""preconnect"" href=""https://fonts.googleapis.com""><link rel=""preconnect"" href=""https://fonts.gstatic.com"" crossorigin=""""><link href=""https://fonts.googleapis.com/css2?family=inter:ital,opsz,wght@0,14..32,100..900;1,14..32,100..900&amp;display=swap"" rel=""stylesheet""><link href=""https://fonts.googleapis.com/icon?family=material+icons"" rel=""stylesheet""><link rel=""styleshe",,2025-06-26T17:58:07.331864
Mjc1,https://booking.hydreight.com/b/Mjc1,https://booking.hydreight.com/widget-business/sg03x,ACTIVE,ACTIVE_BUSINESS,Hydration Station & Therapies,5,1,"['book', 'appointment', 'service', 'select', 'hydreight']",['error'],Hydration Station & Therapies,36644,4.594209909439087,"<html lang=""en"" style=""--default-icon-primary: #00b4e5;""><head><meta charset=""utf-8""><title>hydration station &amp; therapies</title><link rel=""preconnect"" href=""https://fonts.googleapis.com""><link rel=""preconnect"" href=""https://fonts.gstatic.com"" crossorigin=""""><link href=""https://fonts.googleapis.com/css2?family=inter:ital,opsz,wght@0,14..32,100..900;1,14..32,100..900&amp;display=swap"" rel=""stylesheet""><link href=""https://fonts.googleapis.com/icon?family=material+icons"" rel=""stylesheet""><link ",,2025-06-26T17:58:12.035075
Mjc2,https://booking.hydreight.com/b/Mjc2,https://booking.hydreight.com/widget-business/sg03x,ACTIVE,ACTIVE_BUSINESS,Hydration Station & Therapies,5,1,"['book', 'appointment', 'service', 'select', 'hydreight']",['error'],Hydration Station & Therapies,36644,13.01466703414917,"<html lang=""en"" style=""--default-icon-primary: #00b4e5;""><head><meta charset=""utf-8""><title>hydration station &amp; therapies</title><link rel=""preconnect"" href=""https://fonts.googleapis.com""><link rel=""preconnect"" href=""https://fonts.gstatic.com"" crossorigin=""""><link href=""https://fonts.googleapis.com/css2?family=inter:ital,opsz,wght@0,14..32,100..900;1,14..32,100..900&amp;display=swap"" rel=""stylesheet""><link href=""https://fonts.googleapis.com/icon?family=material+icons"" rel=""stylesheet""><link ",,2025-06-26T17:58:25.155806
MzA0,https://booking.hydreight.com/b/MzA0,https://booking.hydreight.com/widget-business/hd09a,ERROR_PAGE,EMPTY_TITLE_INVALID_URL,,2,2,"['select', 'hydreight']","['error', ""the link you've opened isn't working as expected""]",,32237,5.478585958480835,"<html lang=""en"" style=""--default-icon-primary: #00b4e5;""><head><meta charset=""utf-8""><title></title><link rel=""preconnect"" href=""https://fonts.googleapis.com""><link rel=""preconnect"" href=""https://fonts.gstatic.com"" crossorigin=""""><link href=""https://fonts.googleapis.com/css2?family=inter:ital,opsz,wght@0,14..32,100..900;1,14..32,100..900&amp;display=swap"" rel=""stylesheet""><link href=""https://fonts.googleapis.com/icon?family=material+icons"" rel=""stylesheet""><link rel=""stylesheet"" href=""https://fo",,2025-06-26T17:58:30.740853
MzM2,https://booking.hydreight.com/b/MzM2,https://booking.hydreight.com/widget-business/hd09a,ERROR_PAGE,EMPTY_TITLE_INVALID_URL,,2,2,"['select', 'hydreight']","['error', ""the link you've opened isn't working as expected""]",,32237,5.100849151611328,"<html lang=""en"" style=""--default-icon-primary: #00b4e5;""><head><meta charset=""utf-8""><title></title><link rel=""preconnect"" href=""https://fonts.googleapis.com""><link rel=""preconnect"" href=""https://fonts.gstatic.com"" crossorigin=""""><link href=""https://fonts.googleapis.com/css2?family=inter:ital,opsz,wght@0,14..32,100..900;1,14..32,100..900&amp;display=swap"" rel=""stylesheet""><link href=""https://fonts.googleapis.com/icon?family=material+icons"" rel=""stylesheet""><link rel=""stylesheet"" href=""https://fo",,2025-06-26T17:58:35.948412
MzQy,https://booking.hydreight.com/b/MzQy,https://booking.hydreight.com/widget-business/hd09a,ERROR_PAGE,EMPTY_TITLE_INVALID_URL,,2,2,"['select', 'hydreight']","['error', ""the link you've opened isn't working as expected""]",,32033,6.919890880584717,"<html lang=""en"" style=""--default-icon-primary: #00b4e5;""><head><meta charset=""utf-8""><title></title><link rel=""preconnect"" href=""https://fonts.googleapis.com""><link rel=""preconnect"" href=""https://fonts.gstatic.com"" crossorigin=""""><link href=""https://fonts.googleapis.com/css2?family=inter:ital,opsz,wght@0,14..32,100..900;1,14..32,100..900&amp;display=swap"" rel=""stylesheet""><link href=""https://fonts.googleapis.com/icon?family=material+icons"" rel=""stylesheet""><link rel=""stylesheet"" href=""https://fo",,2025-06-26T17:58:42.970567
MzQz,https://booking.hydreight.com/b/MzQz,https://booking.hydreight.com/widget,ACTIVE,ACTIVE_BUSINESS,AMP Acupuncture & Medical Practice,3,2,"['select', 'hydreight', 'medical']","['error', ""the link you've opened isn't working as expected""]",AMP Acupuncture & Medical Practice,31978,5.567781925201416,"<html lang=""en"" style=""--default-icon-primary: #00b4e5;""><head><meta charset=""utf-8""><title>amp acupuncture &amp; medical practice</title><link rel=""preconnect"" href=""https://fonts.googleapis.com""><link rel=""preconnect"" href=""https://fonts.gstatic.com"" crossorigin=""""><link href=""https://fonts.googleapis.com/css2?family=inter:ital,opsz,wght@0,14..32,100..900;1,14..32,100..900&amp;display=swap"" rel=""stylesheet""><link href=""https://fonts.googleapis.com/icon?family=material+icons"" rel=""stylesheet""><",,2025-06-26T17:58:48.644676
MzUz,https://booking.hydreight.com/b/MzUz,https://booking.hydreight.com/widget-business/aq23y,ACTIVE,ACTIVE_BUSINESS,Angelo IV Therapy,7,2,"['schedule', 'service', 'therapy', 'select', 'iv therapy', 'hydreight', 'medical']","['401', 'error']",Angelo IV Therapy,45489,4.716902017593384,"<html lang=""en"" style=""--default-icon-primary: #00b4e5;""><head><meta charset=""utf-8""><title>angelo iv therapy</title><link rel=""preconnect"" href=""https://fonts.googleapis.com""><link rel=""preconnect"" href=""https://fonts.gstatic.com"" crossorigin=""""><link href=""https://fonts.googleapis.com/css2?family=inter:ital,opsz,wght@0,14..32,100..900;1,14..32,100..900&amp;display=swap"" rel=""stylesheet""><link href=""https://fonts.googleapis.com/icon?family=material+icons"" rel=""stylesheet""><link rel=""stylesheet""",,2025-06-26T17:58:53.468445
MzU0,https://booking.hydreight.com/b/MzU0,https://booking.hydreight.com/widget-business/aq23y,ACTIVE,ACTIVE_BUSINESS,Angelo IV Therapy,7,2,"['schedule', 'service', 'therapy', 'select', 'iv therapy', 'hydreight', 'medical']","['401', 'error']",Angelo IV Therapy,45664,5.149340867996216,"<html lang=""en"" style=""--default-icon-primary: #00b4e5;""><head><meta charset=""utf-8""><title>angelo iv therapy</title><link rel=""preconnect"" href=""https://fonts.googleapis.com""><link rel=""preconnect"" href=""https://fonts.gstatic.com"" crossorigin=""""><link href=""https://fonts.googleapis.com/css2?family=inter:ital,opsz,wght@0,14..32,100..900;1,14..32,100..900&amp;display=swap"" rel=""stylesheet""><link href=""https://fonts.googleapis.com/icon?family=material+icons"" rel=""stylesheet""><link rel=""stylesheet""",,2025-06-26T17:58:58.724302
MzU1,https://booking.hydreight.com/b/MzU1,https://booking.hydreight.com/widget,ERROR_PAGE,EMPTY_TITLE_INVALID_URL,,2,2,"['select', 'hydreight']","['error', ""the link you've opened isn't working as expected""]",,31762,4.998561143875122,"<html lang=""en"" style=""--default-icon-primary: #00b4e5;""><head><meta charset=""utf-8""><title></title><link rel=""preconnect"" href=""https://fonts.googleapis.com""><link rel=""preconnect"" href=""https://fonts.gstatic.com"" crossorigin=""""><link href=""https://fonts.googleapis.com/css2?family=inter:ital,opsz,wght@0,14..32,100..900;1,14..32,100..900&amp;display=swap"" rel=""stylesheet""><link href=""https://fonts.googleapis.com/icon?family=material+icons"" rel=""stylesheet""><link rel=""stylesheet"" href=""https://fo",,2025-06-26T17:59:03.828725
MzY4,https://booking.hydreight.com/b/MzY4,https://booking.hydreight.com/widget-business/zp22u,ACTIVE,ACTIVE_BUSINESS,IV Infusion Solutions,6,2,"['book', 'appointment', 'service', 'select', 'hydreight', 'medical']","['401', 'error']",IV Infusion Solutions,45316,4.722986936569214,"<html lang=""en"" style=""--default-icon-primary: #00b4e5;""><head><meta charset=""utf-8""><title>iv infusion solutions</title><link rel=""preconnect"" href=""https://fonts.googleapis.com""><link rel=""preconnect"" href=""https://fonts.gstatic.com"" crossorigin=""""><link href=""https://fonts.googleapis.com/css2?family=inter:ital,opsz,wght@0,14..32,100..900;1,14..32,100..900&amp;display=swap"" rel=""stylesheet""><link href=""https://fonts.googleapis.com/icon?family=material+icons"" rel=""stylesheet""><link rel=""stylesh",,2025-06-26T17:59:08.658014
MzY5,https://booking.hydreight.com/b/MzY5,https://booking.hydreight.com/widget,ACTIVE,ACTIVE_BUSINESS,IV Infusion Solutions,2,2,"['select', 'hydreight']","['error', ""the link you've opened isn't working as expected""]",IV Infusion Solutions,31944,5.612716197967529,"<html lang=""en"" style=""--default-icon-primary: #00b4e5;""><head><meta charset=""utf-8""><title>iv infusion solutions</title><link rel=""preconnect"" href=""https://fonts.googleapis.com""><link rel=""preconnect"" href=""https://fonts.gstatic.com"" crossorigin=""""><link href=""https://fonts.googleapis.com/css2?family=inter:ital,opsz,wght@0,14..32,100..900;1,14..32,100..900&amp;display=swap"" rel=""stylesheet""><link href=""https://fonts.googleapis.com/icon?family=material+icons"" rel=""stylesheet""><link rel=""stylesh",,2025-06-26T17:59:14.381273
Mzgx,https://booking.hydreight.com/b/Mzgx,https://booking.hydreight.com/widget-business/jy89m,ACTIVE,ACTIVE_BUSINESS,Wellspring Concierge Nurses,5,1,"['service', 'therapy', 'select', 'injection', 'hydreight']",['error'],Wellspring Concierge Nurses,36598,7.282902002334595,"<html lang=""en"" style=""--default-icon-primary: #00b4e5;""><head><meta charset=""utf-8""><title>wellspring concierge nurses</title><link rel=""preconnect"" href=""https://fonts.googleapis.com""><link rel=""preconnect"" href=""https://fonts.gstatic.com"" crossorigin=""""><link href=""https://fonts.googleapis.com/css2?family=inter:ital,opsz,wght@0,14..32,100..900;1,14..32,100..900&amp;display=swap"" rel=""stylesheet""><link href=""https://fonts.googleapis.com/icon?family=material+icons"" rel=""stylesheet""><link rel=""s",,2025-06-26T17:59:21.768015
Mzgz,https://booking.hydreight.com/b/Mzgz,https://booking.hydreight.com/widget-business/jy89m,ACTIVE,ACTIVE_BUSINESS,Wellspring Concierge Nurses,5,1,"['service', 'therapy', 'select', 'injection', 'hydreight']",['error'],Wellspring Concierge Nurses,36773,6.243998050689697,"<html lang=""en"" style=""--default-icon-primary: #00b4e5;""><head><meta charset=""utf-8""><title>wellspring concierge nurses</title><link rel=""preconnect"" href=""https://fonts.googleapis.com""><link rel=""preconnect"" href=""https://fonts.gstatic.com"" crossorigin=""""><link href=""https://fonts.googleapis.com/css2?family=inter:ital,opsz,wght@0,14..32,100..900;1,14..32,100..900&amp;display=swap"" rel=""stylesheet""><link href=""https://fonts.googleapis.com/icon?family=material+icons"" rel=""stylesheet""><link rel=""s",,2025-06-26T17:59:28.115732
NDA1,https://booking.hydreight.com/b/NDA1,https://booking.hydreight.com/widget-business/jy89m,ACTIVE,ACTIVE_BUSINESS,Wellspring Concierge Nurses,5,1,"['service', 'therapy', 'select', 'injection', 'hydreight']",['error'],Wellspring Concierge Nurses,36598,6.332208871841431,"<html lang=""en"" style=""--default-icon-primary: #00b4e5;""><head><meta charset=""utf-8""><title>wellspring concierge nurses</title><link rel=""preconnect"" href=""https://fonts.googleapis.com""><link rel=""preconnect"" href=""https://fonts.gstatic.com"" crossorigin=""""><link href=""https://fonts.googleapis.com/css2?family=inter:ital,opsz,wght@0,14..32,100..900;1,14..32,100..900&amp;display=swap"" rel=""stylesheet""><link href=""https://fonts.googleapis.com/icon?family=material+icons"" rel=""stylesheet""><link rel=""s",,2025-06-26T17:59:34.553912
NDA2,https://booking.hydreight.com/b/NDA2,https://booking.hydreight.com/widget,ACTIVE,ACTIVE_BUSINESS,Trina Rakay,2,2,"['select', 'hydreight']","['error', ""the link you've opened isn't working as expected""]",Trina Rakay,31924,5.560271978378296,"<html lang=""en"" style=""--default-icon-primary: #00b4e5;""><head><meta charset=""utf-8""><title>trina rakay</title><link rel=""preconnect"" href=""https://fonts.googleapis.com""><link rel=""preconnect"" href=""https://fonts.gstatic.com"" crossorigin=""""><link href=""https://fonts.googleapis.com/css2?family=inter:ital,opsz,wght@0,14..32,100..900;1,14..32,100..900&amp;display=swap"" rel=""stylesheet""><link href=""https://fonts.googleapis.com/icon?family=material+icons"" rel=""stylesheet""><link rel=""stylesheet"" href=",,2025-06-26T17:59:40.218471
NDIx,https://booking.hydreight.com/b/NDIx,https://booking.hydreight.com/b/NDIx,ACTIVE,ACTIVE_BUSINESS,Simply Renewed,4,1,"['book', 'appointment', 'select', 'hydreight']",['error'],Simply Renewed,33790,4.9780261516571045,"<html lang=""en"" style=""--default-icon-primary: #00b4e5;""><head><meta charset=""utf-8""><title>simply renewed </title><link rel=""preconnect"" href=""https://fonts.googleapis.com""><link rel=""preconnect"" href=""https://fonts.gstatic.com"" crossorigin=""""><link href=""https://fonts.googleapis.com/css2?family=inter:ital,opsz,wght@0,14..32,100..900;1,14..32,100..900&amp;display=swap"" rel=""stylesheet""><link href=""https://fonts.googleapis.com/icon?family=material+icons"" rel=""stylesheet""><link rel=""stylesheet"" h",,2025-06-26T17:59:45.299663
NDI1,https://booking.hydreight.com/b/NDI1,https://booking.hydreight.com/widget-business/sq50g,ACTIVE,ACTIVE_BUSINESS,Coachella Valley IV Therapy LLC,8,2,"['book', 'appointment', 'service', 'therapy', 'select', 'iv therapy', 'hydreight', 'medical']","['401', 'error']",Coachella Valley IV Therapy LLC,45378,4.306283950805664,"<html lang=""en"" style=""--default-icon-primary: #00b4e5;""><head><meta charset=""utf-8""><title>coachella valley iv therapy llc</title><link rel=""preconnect"" href=""https://fonts.googleapis.com""><link rel=""preconnect"" href=""https://fonts.gstatic.com"" crossorigin=""""><link href=""https://fonts.googleapis.com/css2?family=inter:ital,opsz,wght@0,14..32,100..900;1,14..32,100..900&amp;display=swap"" rel=""stylesheet""><link href=""https://fonts.googleapis.com/icon?family=material+icons"" rel=""stylesheet""><link re",,2025-06-26T17:59:49.712564
NDI2,https://booking.hydreight.com/b/NDI2,https://booking.hydreight.com/widget,ACTIVE,ACTIVE_BUSINESS,Coachella Valley IV Therapy LLC,4,2,"['therapy', 'select', 'iv therapy', 'hydreight']","['error', ""the link you've opened isn't working as expected""]",Coachella Valley IV Therapy LLC,31964,4.577891826629639,"<html lang=""en"" style=""--default-icon-primary: #00b4e5;""><head><meta charset=""utf-8""><title>coachella valley iv therapy llc</title><link rel=""preconnect"" href=""https://fonts.googleapis.com""><link rel=""preconnect"" href=""https://fonts.gstatic.com"" crossorigin=""""><link href=""https://fonts.googleapis.com/css2?family=inter:ital,opsz,wght@0,14..32,100..900;1,14..32,100..900&amp;display=swap"" rel=""stylesheet""><link href=""https://fonts.googleapis.com/icon?family=material+icons"" rel=""stylesheet""><link re",,2025-06-26T17:59:54.396847
NDI5,https://booking.hydreight.com/b/NDI5,https://booking.hydreight.com/widget-business/da91m,ACTIVE,ACTIVE_BUSINESS,Wellspring Concierge Nurses2,5,2,"['book', 'appointment', 'service', 'select', 'hydreight']","['401', 'error']",Wellspring Concierge Nurses2,34032,4.359960079193115,"<html lang=""en"" style=""--default-icon-primary: #00b4e5;""><head><meta charset=""utf-8""><title>wellspring concierge nurses2</title><link rel=""preconnect"" href=""https://fonts.googleapis.com""><link rel=""preconnect"" href=""https://fonts.gstatic.com"" crossorigin=""""><link href=""https://fonts.googleapis.com/css2?family=inter:ital,opsz,wght@0,14..32,100..900;1,14..32,100..900&amp;display=swap"" rel=""stylesheet""><link href=""https://fonts.googleapis.com/icon?family=material+icons"" rel=""stylesheet""><link rel=""",,2025-06-26T17:59:58.859696
NDM1,https://booking.hydreight.com/b/NDM1,https://booking.hydreight.com/widget-business/da91m,ACTIVE,ACTIVE_BUSINESS,Wellspring Concierge Nurses2,5,2,"['book', 'appointment', 'service', 'select', 'hydreight']","['401', 'error']",Wellspring Concierge Nurses2,34032,6.256579160690308,"<html lang=""en"" style=""--default-icon-primary: #00b4e5;""><head><meta charset=""utf-8""><title>wellspring concierge nurses2</title><link rel=""preconnect"" href=""https://fonts.googleapis.com""><link rel=""preconnect"" href=""https://fonts.gstatic.com"" crossorigin=""""><link href=""https://fonts.googleapis.com/css2?family=inter:ital,opsz,wght@0,14..32,100..900;1,14..32,100..900&amp;display=swap"" rel=""stylesheet""><link href=""https://fonts.googleapis.com/icon?family=material+icons"" rel=""stylesheet""><link rel=""",,2025-06-26T18:00:05.222458
NDM2,https://booking.hydreight.com/b/NDM2,https://booking.hydreight.com/widget,ACTIVE,ACTIVE_BUSINESS,Elevation Hydration,2,2,"['select', 'hydreight']","['error', ""the link you've opened isn't working as expected""]",Elevation Hydration,31940,5.170531749725342,"<html lang=""en"" style=""--default-icon-primary: #00b4e5;""><head><meta charset=""utf-8""><title>elevation hydration</title><link rel=""preconnect"" href=""https://fonts.googleapis.com""><link rel=""preconnect"" href=""https://fonts.gstatic.com"" crossorigin=""""><link href=""https://fonts.googleapis.com/css2?family=inter:ital,opsz,wght@0,14..32,100..900;1,14..32,100..900&amp;display=swap"" rel=""stylesheet""><link href=""https://fonts.googleapis.com/icon?family=material+icons"" rel=""stylesheet""><link rel=""styleshee",,2025-06-26T18:00:10.499889
NDQ5,https://booking.hydreight.com/b/NDQ5,https://booking.hydreight.com/widget-business/zq13l,ACTIVE,ACTIVE_BUSINESS,Rejuvenation Station LLC,5,2,"['service', 'select', 'hydreight', 'medical', 'visit']","['401', 'error']",Rejuvenation Station LLC,45275,5.045315742492676,"<html lang=""en"" style=""--default-icon-primary: #00b4e5;""><head><meta charset=""utf-8""><title>rejuvenation station llc</title><link rel=""preconnect"" href=""https://fonts.googleapis.com""><link rel=""preconnect"" href=""https://fonts.gstatic.com"" crossorigin=""""><link href=""https://fonts.googleapis.com/css2?family=inter:ital,opsz,wght@0,14..32,100..900;1,14..32,100..900&amp;display=swap"" rel=""stylesheet""><link href=""https://fonts.googleapis.com/icon?family=material+icons"" rel=""stylesheet""><link rel=""styl",,2025-06-26T18:00:15.649327
NDUw,https://booking.hydreight.com/b/NDUw,https://booking.hydreight.com/widget,ERROR_PAGE,EMPTY_TITLE_INVALID_URL,,2,2,"['select', 'hydreight']","['error', ""the link you've opened isn't working as expected""]",,31762,5.534224033355713,"<html lang=""en"" style=""--default-icon-primary: #00b4e5;""><head><meta charset=""utf-8""><title></title><link rel=""preconnect"" href=""https://fonts.googleapis.com""><link rel=""preconnect"" href=""https://fonts.gstatic.com"" crossorigin=""""><link href=""https://fonts.googleapis.com/css2?family=inter:ital,opsz,wght@0,14..32,100..900;1,14..32,100..900&amp;display=swap"" rel=""stylesheet""><link href=""https://fonts.googleapis.com/icon?family=material+icons"" rel=""stylesheet""><link rel=""stylesheet"" href=""https://fo",,2025-06-26T18:00:21.290071
NDY3,https://booking.hydreight.com/b/NDY3,https://booking.hydreight.com/b/NDY3,ACTIVE,ACTIVE_BUSINESS,Glo Hydration,4,2,"['book', 'appointment', 'select', 'hydreight']","['401', 'error']",Glo Hydration,31231,6.296078205108643,"<html lang=""en"" style=""--default-icon-primary: #00b4e5;""><head><meta charset=""utf-8""><title>glo hydration</title><link rel=""preconnect"" href=""https://fonts.googleapis.com""><link rel=""preconnect"" href=""https://fonts.gstatic.com"" crossorigin=""""><link href=""https://fonts.googleapis.com/css2?family=inter:ital,opsz,wght@0,14..32,100..900;1,14..32,100..900&amp;display=swap"" rel=""stylesheet""><link href=""https://fonts.googleapis.com/icon?family=material+icons"" rel=""stylesheet""><link rel=""stylesheet"" hre",,2025-06-26T18:00:27.688483
NDc1,https://booking.hydreight.com/b/NDc1,https://booking.hydreight.com/b/NDc1,ACTIVE,ACTIVE_BUSINESS,Alpha Fit And Rejuvenation,4,1,"['book', 'appointment', 'select', 'hydreight']",['error'],Alpha Fit And Rejuvenation,33831,4.82091498374939,"<html lang=""en"" style=""--default-icon-primary: #00b4e5;""><head><meta charset=""utf-8""><title>alpha fit and rejuvenation</title><link rel=""preconnect"" href=""https://fonts.googleapis.com""><link rel=""preconnect"" href=""https://fonts.gstatic.com"" crossorigin=""""><link href=""https://fonts.googleapis.com/css2?family=inter:ital,opsz,wght@0,14..32,100..900;1,14..32,100..900&amp;display=swap"" rel=""stylesheet""><link href=""https://fonts.googleapis.com/icon?family=material+icons"" rel=""stylesheet""><link rel=""st",,2025-06-26T18:00:32.615814
NDgz,https://booking.hydreight.com/b/NDgz,https://booking.hydreight.com/widget-business/er80c,ACTIVE,ACTIVE_BUSINESS,Peek A View Baby,6,2,"['book', 'appointment', 'service', 'select', 'hydreight', 'medical']","['401', 'error']",Peek A View Baby,42881,4.884606122970581,"<html lang=""en"" style=""--default-icon-primary: #00b4e5;""><head><meta charset=""utf-8""><title>peek a view baby</title><link rel=""preconnect"" href=""https://fonts.googleapis.com""><link rel=""preconnect"" href=""https://fonts.gstatic.com"" crossorigin=""""><link href=""https://fonts.googleapis.com/css2?family=inter:ital,opsz,wght@0,14..32,100..900;1,14..32,100..900&amp;display=swap"" rel=""stylesheet""><link href=""https://fonts.googleapis.com/icon?family=material+icons"" rel=""stylesheet""><link rel=""stylesheet"" ",,2025-06-26T18:00:37.607425
NDg0,https://booking.hydreight.com/b/NDg0,https://booking.hydreight.com/widget,ERROR_PAGE,EMPTY_TITLE_INVALID_URL,,2,2,"['select', 'hydreight']","['error', ""the link you've opened isn't working as expected""]",,31762,4.905958890914917,"<html lang=""en"" style=""--default-icon-primary: #00b4e5;""><head><meta charset=""utf-8""><title></title><link rel=""preconnect"" href=""https://fonts.googleapis.com""><link rel=""preconnect"" href=""https://fonts.gstatic.com"" crossorigin=""""><link href=""https://fonts.googleapis.com/css2?family=inter:ital,opsz,wght@0,14..32,100..900;1,14..32,100..900&amp;display=swap"" rel=""stylesheet""><link href=""https://fonts.googleapis.com/icon?family=material+icons"" rel=""stylesheet""><link rel=""stylesheet"" href=""https://fo",,2025-06-26T18:00:42.620051
NDk2,https://booking.hydreight.com/b/NDk2,https://booking.hydreight.com/widget-business/pt70x,ACTIVE,ACTIVE_BUSINESS,Desert IV Hydration,5,1,"['book', 'appointment', 'service', 'select', 'hydreight']",['error'],Desert IV Hydration,36534,4.257963180541992,"<html lang=""en"" style=""--default-icon-primary: #00b4e5;""><head><meta charset=""utf-8""><title>desert iv hydration</title><link rel=""preconnect"" href=""https://fonts.googleapis.com""><link rel=""preconnect"" href=""https://fonts.gstatic.com"" crossorigin=""""><link href=""https://fonts.googleapis.com/css2?family=inter:ital,opsz,wght@0,14..32,100..900;1,14..32,100..900&amp;display=swap"" rel=""stylesheet""><link href=""https://fonts.googleapis.com/icon?family=material+icons"" rel=""stylesheet""><link rel=""styleshee",,2025-06-26T18:00:46.981042
NTEw,https://booking.hydreight.com/b/NTEw,https://booking.hydreight.com/widget-business/pt70x,ACTIVE,ACTIVE_BUSINESS,Desert IV Hydration,5,1,"['book', 'appointment', 'service', 'select', 'hydreight']",['error'],Desert IV Hydration,36534,6.248879909515381,"<html lang=""en"" style=""--default-icon-primary: #00b4e5;""><head><meta charset=""utf-8""><title>desert iv hydration</title><link rel=""preconnect"" href=""https://fonts.googleapis.com""><link rel=""preconnect"" href=""https://fonts.gstatic.com"" crossorigin=""""><link href=""https://fonts.googleapis.com/css2?family=inter:ital,opsz,wght@0,14..32,100..900;1,14..32,100..900&amp;display=swap"" rel=""stylesheet""><link href=""https://fonts.googleapis.com/icon?family=material+icons"" rel=""stylesheet""><link rel=""styleshee",,2025-06-26T18:00:53.332425
NTEx,https://booking.hydreight.com/b/NTEx,https://booking.hydreight.com/widget-business/de90c,ACTIVE,ACTIVE_BUSINESS,Rescue Nurse IV,5,1,"['book', 'appointment', 'service', 'select', 'hydreight']",['error'],Rescue Nurse IV,34164,6.447663068771362,"<html lang=""en"" style=""--default-icon-primary: #00b4e5;""><head><meta charset=""utf-8""><title>rescue nurse iv</title><link rel=""preconnect"" href=""https://fonts.googleapis.com""><link rel=""preconnect"" href=""https://fonts.gstatic.com"" crossorigin=""""><link href=""https://fonts.googleapis.com/css2?family=inter:ital,opsz,wght@0,14..32,100..900;1,14..32,100..900&amp;display=swap"" rel=""stylesheet""><link href=""https://fonts.googleapis.com/icon?family=material+icons"" rel=""stylesheet""><link rel=""stylesheet"" h",,2025-06-26T18:00:59.891815
